SURVEY: SDSS     FILTERS: ugriz   TELESCOPE:  SDSS
GENSKIP_PEAKMJD:   53705  53975   # skip the off-season 
GENSKIP_PEAKMJD:   54060  54345   # idem 
BEGIN LIBGEN   Sun Mar 11 15:44:23 CDT 2012 

# ========================================================= 

LIBID: 1      (from 2005 libid 1) 
RA: 26.430172   DECL: 0.844033   NOBS: 210    MWEBV: 0.026   PIXSIZE: 0.400 
FIELD: 82N 

#                           CCD  CCD         PSF1 PSF2 PSF2/1                    
#     MJD      IDEXPT  FLT GAIN NOISE SKYSIG (pixels)  RATIO  ZPTAVG ZPTERR
S: 53616.383  556600405 u  1.47  4.48   4.83 1.89 3.69 0.225  27.58  0.017
S: 53616.383  556600405 g  4.05  4.25   4.04 1.85 3.61 0.247  28.39  0.008
S: 53616.383  556600405 r  4.72  4.25   5.28 1.64 3.62 0.142  28.22  0.010
S: 53616.383  556600405 i  4.64 12.99   6.95 1.60 3.81 0.103  27.88  0.009
S: 53616.383  556600405 z  3.48  4.70   6.91 1.74 3.75 0.131  26.54  0.011
S: 53626.359  560300625 u  1.47  4.48   4.60 1.71 3.62 0.116  27.47  0.017
S: 53626.359  560300625 g  4.05  4.25   4.40 1.83 3.50 0.282  28.03  0.008
S: 53626.359  560300625 r  4.72  4.25   5.87 1.64 3.65 0.112  27.99  0.010
S: 53626.359  560300625 i  4.64 12.99   6.54 1.47 3.56 0.070  27.86  0.009
S: 53626.359  560300625 z  3.48  4.70   6.73 1.64 3.88 0.110  24.46  0.011
S: 53628.344  561000626 u  1.47  4.48  11.16 1.56 3.38 0.070  26.97  0.017
S: 53628.344  561000626 g  4.05  4.25  11.61 1.59 3.28 0.095  28.36  0.008
S: 53628.344  561000626 r  4.72  4.25   9.24 1.40 3.36 0.059  28.19  0.010
S: 53628.344  561000626 i  4.64 12.99   9.27 1.33 3.46 0.049  27.89  0.009
S: 53628.344  561000626 z  3.48  4.70   7.95 1.39 3.54 0.046  26.14  0.011
etc…
